C_cos
[[0.69847834 0.6161059  0.58227336 0.54545885 0.54567045 0.48120394
  0.4989275  0.4805546  0.504183   0.4933518  0.5249449  0.39946103
  0.41400066 0.41723025 0.4188465  0.5415163  0.51745087 0.5943459 ]
 [0.66987854 0.54912937 0.47164938 0.54646367 0.5641324  0.4425373
  0.44908577 0.43687066 0.5151567  0.44449997 0.54836214 0.33859834
  0.4153515  0.38986415 0.35948998 0.45238018 0.5211268  0.51216143]
 [0.57169676 0.88410187 0.63235885 0.5669717  0.55236864 0.5065449
  0.53021216 0.50083494 0.6081447  0.47663423 0.4878567  0.41798648
  0.430963   0.41486207 0.39749134 0.47242776 0.45953014 0.5608239 ]
 [0.56693727 0.64827675 0.7130327  0.8182303  0.6801354  0.5153787
  0.5055674  0.48427153 0.53211206 0.50587314 0.52488226 0.4169876
  0.44783735 0.41958797 0.416326   0.5071256  0.5021765  0.52648646]
 [0.55617356 0.63235366 0.6094268  0.68811154 0.8057357  0.5482286
  0.5075133  0.44701892 0.5771846  0.47496969 0.5549512  0.39107704
  0.452136   0.44819286 0.42455953 0.49267253 0.53577596 0.55257493]
 [0.5148148  0.55347806 0.50174034 0.5107127  0.5284103  0.92810583
  0.65741736 0.49357748 0.51343864 0.4571479  0.48547214 0.43622568
  0.4462879  0.4918709  0.44855472 0.46794984 0.47178772 0.5868452 ]
 [0.51907    0.568861   0.53681755 0.5121403  0.49532324 0.6169418
  0.9270434  0.57598394 0.5377177  0.4567845  0.4830518  0.43530566
  0.44482666 0.5205761  0.50201607 0.5231612  0.45308015 0.55898505]
 [0.37679002 0.43813115 0.41923693 0.37878284 0.3485333  0.3936111
  0.49561542 0.7321298  0.48459354 0.43106675 0.39669904 0.45253703
  0.41916987 0.43852603 0.41402978 0.40221465 0.35713032 0.39126733]
 [0.58383054 0.63354975 0.52819055 0.4920998  0.51574814 0.48749804
  0.54671335 0.6113692  0.7653679  0.5985989  0.59841275 0.49204016
  0.5069662  0.5067425  0.5132537  0.5315031  0.57404715 0.5606007 ]
 [0.4325077  0.5417779  0.464107   0.45552543 0.4427317  0.42324668
  0.49183744 0.6344695  0.5569353  0.54078406 0.4892822  0.56887335
  0.6255604  0.4971128  0.48127738 0.46151763 0.43972698 0.4496506 ]
 [0.5049983  0.49569035 0.46641752 0.47821975 0.47664887 0.42237002
  0.44639295 0.50686425 0.5909699  0.7926253  0.58180606 0.46017
  0.49398047 0.4846583  0.50932956 0.52513534 0.5075305  0.5092044 ]
 [0.5059161  0.5063957  0.5115926  0.4876459  0.48403513 0.43615726
  0.47247884 0.498721   0.5262252  0.629123   0.6422739  0.48325554
  0.46352747 0.46172827 0.4900822  0.5961378  0.5245818  0.5210623 ]
 [0.53757566 0.46457708 0.43730965 0.5127009  0.53329265 0.428287
  0.40962368 0.4434914  0.5500745  0.55951715 0.73067737 0.45817354
  0.5186112  0.45286483 0.42486507 0.5145034  0.61788195 0.5054401 ]
 [0.3623222  0.3815567  0.39314246 0.34628427 0.37621176 0.41628087
  0.41728854 0.49708152 0.4313713  0.4261448  0.4246783  0.5570321
  0.4828654  0.61341035 0.46094748 0.4023301  0.4162558  0.40338635]
 [0.40411383 0.4296182  0.41748178 0.39563262 0.4000179  0.41141695
  0.4545947  0.47803438 0.4730434  0.47140232 0.4446907  0.40357333
  0.42341125 0.54242027 0.6153714  0.55037904 0.48176393 0.44751284]
 [0.4071397  0.49642333 0.52482384 0.49391028 0.46330705 0.42023128
  0.47045538 0.50391436 0.50425786 0.4828655  0.50477743 0.40021193
  0.40911764 0.45895806 0.49260664 0.625163   0.5471436  0.4853395 ]
 [0.48383582 0.52787393 0.52410734 0.5410117  0.5488515  0.46638983
  0.4944257  0.5156339  0.57035553 0.5313686  0.61361074 0.4869832
  0.4965187  0.511198   0.5279499  0.5815681  0.67207336 0.55525535]
 [0.5842428  0.60306793 0.5020318  0.51594406 0.5481323  0.560853
  0.5628242  0.50124353 0.56092644 0.50848955 0.5510073  0.44660765
  0.45229954 0.48192236 0.46990818 0.56716144 0.56384933 0.940839  ]]

C_Normalized_Squared
[[0.72120714 0.6529496  0.6258972  0.59711075 0.5972743  0.54849124
  0.5616959  0.54801047 0.56564164 0.5575249  0.5813642  0.4896228
  0.49984944 0.5021354  0.50328135 0.5940681  0.5756642  0.63548476]
 [0.6971235  0.59995043 0.541438   0.5978875  0.6116276  0.52022845
  0.52496237 0.51614934 0.573925   0.52164507 0.59935635 0.4479614
  0.50080496 0.48293063 0.4620532  0.52735204 0.57845664 0.5716581 ]
 [0.6175577  0.88745993 0.6661488  0.6138501  0.6024621  0.56741935
  0.5853873  0.5631264  0.6465324  0.5451122  0.5534293  0.5026714
  0.5119138  0.50045866 0.48824552 0.54201084 0.532557   0.6090428 ]
 [0.61382306 0.6792041  0.7336203  0.82649034 0.7057138  0.57409316
  0.56668323 0.5507655  0.5868419  0.56691355 0.58131653 0.5019635
  0.5240582  0.5038075  0.5014949  0.5678569  0.5641336  0.58254015]
 [0.60541904 0.6661446  0.6475636  0.7124301  0.81517035 0.59925294
  0.5681491  0.5234659  0.62187785 0.54388386 0.6044683  0.48377383
  0.5271748  0.5243156  0.5073425  0.55701786 0.5896519  0.6026222 ]
 [0.57366604 0.60332346 0.563806   0.57056314 0.5840095  0.929398
  0.68675804 0.5576934  0.57262415 0.53081995 0.5516569  0.51568604
  0.5229372  0.5564197  0.52457774 0.5387192  0.5415397  0.6295194 ]
 [0.57689345 0.61533123 0.5904521  0.57164204 0.55899787 0.6536252
  0.9283741  0.6209314  0.5911439  0.53055525 0.54986066 0.51502556
  0.521881   0.5780379  0.56401306 0.580005   0.5278605  0.60760856]
 [0.4738877  0.5170553  0.50355834 0.47526056 0.4546355  0.48553795
  0.55921644 0.7500684  0.55100447 0.511988   0.4876921  0.527466
  0.50351083 0.5173393  0.4998701  0.4915515  0.46045065 0.48390618]
 [0.62712985 0.6671212  0.5838416  0.55659044 0.5743731  0.55316263
  0.5980806  0.6491276  0.77913105 0.63887966 0.6387308  0.556546
  0.56773674 0.56756824 0.5724842  0.5863754  0.61940604 0.60886866]
 [0.5130196  0.59426975 0.5359024  0.5296385  0.5203687  0.50640774
  0.55639476 0.66787267 0.60601187 0.59350395 0.5544903  0.61534095
  0.6606116  0.56033665 0.54854566 0.5340084  0.51820344 0.5253717 ]
 [0.566255   0.5592724  0.5375951  0.5462834  0.5451229  0.5057841
  0.5230132  0.56766003 0.63279635 0.8033764  0.6255276  0.53302413
  0.55799437 0.5510525  0.5695189  0.5815094  0.568162   0.56942445]
 [0.56694585 0.567307   0.5712281  0.55327255 0.5505901  0.5156369
  0.5420485  0.56154114 0.58234084 0.66351044 0.6742659  0.5500117
  0.5354781  0.5341624  0.5550863  0.63691396 0.5810874  0.5784077 ]
 [0.59103477 0.5362465  0.5164647  0.572066   0.58774656 0.51000094
  0.49675968 0.5209169  0.6006828  0.6080234  0.74881107 0.5315675
  0.576545   0.5277041  0.5075601  0.5734302  0.65438557 0.5665875 ]
 [0.46398047 0.47717476 0.4852115  0.45312032 0.4734897  0.5014629
  0.5021767  0.5603133  0.51220596 0.50847226 0.5074271  0.60608727
  0.5497224  0.6507732  0.5335919  0.49163246 0.5014452  0.49237332]
 [0.49288386 0.51095206 0.5023137  0.4869476  0.4900125  0.4980245
  0.5289615  0.5461464  0.54246426 0.5412562  0.5217828  0.49250448
  0.5065249  0.59476507 0.65235627 0.60091877 0.5489061  0.5238234 ]
 [0.4950105  0.5598207  0.581272   0.55794203 0.5353169  0.5042643
  0.54055977 0.5654396  0.56569797 0.54972255 0.5660888  0.49014837
  0.49640316 0.53213966 0.5569686  0.66028875 0.5984133  0.5515584 ]
 [0.55044216 0.58359975 0.5807258  0.59367925 0.59973526 0.5375748
  0.5583271  0.57428646 0.61650413 0.5862725  0.65093493 0.55277973
  0.55989206 0.5709299  0.58365774 0.62533945 0.6989573  0.60470486]
 [0.6274563  0.64245665 0.56402487 0.57452154 0.59917843 0.60906553
  0.6106049  0.56343305 0.6091228  0.5688852  0.60140586 0.5231684
  0.5272935  0.5490235  0.54015756 0.6139988  0.6114062  0.94171405]]